                       1111                       
                1101  10000   0011                
               1000000000000000001                
          100110000000000000000000111011          
          100000000111      111000000001          
          10000011   1001001    11000001          
      100000001     101    101    1000000001      
      10000001      101 10  00      10000001      
       100001        1111  101       00000        
     1110000     111111  1101        10000111     
     0000000   1011 1110001  1111    10000000     
     11100001 00  111  100  00  101  10000111     
       100001 00  1 10  10  111  10  000001       
      10000001 0011101   101    101 10000000      
      100000001  111       111111 1000000001      
          1000001               11000001          
          100000000111      111000000001          
          100110000000000000000000111011          
                0000000000000000001               
                11001 100001  1011                
                       1111                       
